[BOSS_dr10_lss_1,rgb(000),
120.00333,56.16478
122.52031,58.81828
125.24704,60.10223
126.29578,59.93104
129.65175,58.73268
129.86150,57.87671
129.23226,57.36313
126.08603,56.16478
124.19830,56.07918
125.45679,54.70963
126.29578,54.75243
127.13477,55.30881
132.37848,56.16478
134.68571,55.73679
136.99294,53.16888
136.78319,50.08739
140.34891,46.53512
138.04168,44.09561
139.50992,44.52359
142.02690,44.52359
142.86589,46.83471
143.12807,50.29425
145.48774,52.39851
147.76001,52.68383
147.76001,53.82513
145.83732,53.96779
145.83732,56.46436
147.20166,57.21532
147.20166,58.10695
145.98784,58.10695
145.25954,58.80045
146.59475,59.64255
145.25954,60.78186
147.32304,61.52489
146.83751,61.87163
145.13816,62.86234
146.10922,64.74468
149.75068,64.89328
152.29970,65.19050
152.66385,64.74468
151.93556,64.34840
153.75629,62.56513
150.23621,61.42582
151.57141,59.93976
151.57141,58.84998
149.62930,57.71067
148.65824,57.71067
147.80857,58.00788
147.80857,57.31439
149.50792,57.31439
150.47897,56.57136
151.81418,56.47229
152.17832,55.77880
150.84312,54.34227
148.29410,53.89646
148.17271,52.65808
149.75068,52.70761
152.17832,49.88410
152.17832,48.44758
149.75068,47.45687
150.11483,46.81292
152.78523,46.36710
153.14938,45.72314
153.99905,45.72314
154.97011,46.11942
160.55368,46.11942
168.20075,45.32686
170.50701,43.89033
172.44913,44.03894
174.51262,44.13801
175.36230,42.85009
180.09620,42.10707
183.85904,40.76961
184.83010,40.76961
186.16530,41.51264
184.58733,43.64266
185.43701,44.38569
187.13636,44.48476
190.17091,43.89033
191.14196,43.39498
196.96830,43.34545
197.57521,42.20614
199.76009,42.70149
207.40716,42.20614
211.53415,46.56524
223.67236,46.21849
225.73585,46.91199
230.10561,46.96152
232.16910,45.72314
234.23260,47.60548
238.11682,47.65501
239.93756,46.86245
242.24381,46.02035
243.57902,47.50641
244.55007,47.75408
246.97772,47.65501
248.43430,46.31756
251.10471,47.30827
252.43991,47.20920
253.16820,46.46617
254.50340,46.51570
256.08137,47.25873
258.14487,47.25873
259.35869,45.42593
262.63600,39.08541
264.69950,33.98328
264.82088,30.81303
262.27186,28.83162
263.84982,28.63348
265.06364,26.80067
264.94226,25.56229
259.80052,22.43959
255.08118,17.23244
252.28454,12.31062
250.18706,10.17069
246.16688,10.52735
246.07949,9.81404
248.43916,9.10073
248.61395,8.17343
245.29293,5.10621
243.89461,2.39564
239.52486,1.82499
237.95175,0.89769
237.33998,-1.80099
235.30076,-2.15764
230.05706,-2.21708
227.72652,-3.40593
198.30351,-4.23812
194.66204,-3.70314
183.88332,-3.70314
181.55278,-2.33597
179.80488,-3.58426
148.77962,-3.58426
135.52470,-2.98983
133.77680,-1.97931
131.73758,-1.91987
130.13534,-1.08768
120.37622,-1.14712
118.48266,-0.49326
118.48266,1.94388
119.79359,2.06276
120.23056,4.61878
118.91964,5.15376
115.86081,10.91967
116.22495,12.28684
113.53027,15.37784
111.05408,24.65084
111.70954,28.81180
113.53027,29.88176
110.98125,31.36782
110.61710,33.38886
111.05408,37.13373
107.48544,39.39253
112.94764,48.60609
117.60871,54.37200
119.64793,54.01534
121.68715,54.01534
122.41544,55.02586
120.81320,55.67973
120.00333,56.16478
]


[HOLE_BOSS_dr10_lss_1,rgb(000),
132.90285,33.15109
131.15495,33.21053
132.46587,34.45882
133.33982,33.80496
134.35943,33.80496
135.30621,34.45882
136.10734,34.16161
140.47709,34.22105
141.20538,34.87492
142.22499,34.19133
148.34265,34.10217
150.23621,34.45882
152.27543,34.16161
162.61718,34.10217
163.19981,33.50774
168.29786,32.73499
172.93465,31.40745
175.24091,31.25884
176.02990,30.59012
180.46034,30.61489
184.40526,31.43222
186.77221,33.04211
193.44822,33.04211
194.72274,32.67060
196.24001,33.33932
196.84692,32.79444
198.30351,32.39815
202.30912,32.00187
203.88708,31.65513
210.86655,30.29291
213.47627,29.57465
212.38383,28.70778
210.92724,28.53440
210.32033,27.39509
210.13826,27.96475
208.98513,29.22790
207.16440,29.72325
206.43611,29.62418
204.79745,27.44463
204.37261,28.33626
202.91603,29.37650
202.06635,29.37650
200.00286,28.28673
198.91042,28.63348
196.42208,28.65824
193.81237,25.11647
192.90200,23.70472
189.19985,23.67995
183.25213,22.98646
183.00937,23.23413
183.85904,24.37344
183.91973,25.73566
184.70872,26.37962
185.25493,26.97404
185.25493,28.38580
184.58733,28.68301
183.13075,28.65824
181.06725,27.54370
180.70311,27.64277
179.12514,27.64277
178.03270,26.05764
178.88238,23.82856
177.91132,23.50658
177.91132,21.94622
179.85343,20.06388
176.57612,19.66759
176.09059,20.65830
175.36230,20.80690
172.69189,21.12888
167.83661,21.79761
165.59104,21.25272
162.49580,22.19389
154.97011,23.13506
149.14377,23.13506
147.32304,21.00505
146.23060,21.10412
145.50231,22.09482
142.83190,24.62112
140.88979,25.38892
138.64422,25.01740
137.00556,26.05764
136.03451,26.65206
134.21378,26.94928
131.84683,27.04835
134.21378,30.71396
133.84963,32.44769
132.90285,33.15109
]


[BOSS_dr10_lss_2,rgb(000),
324.73507,25.60192
327.50258,30.47619
329.39614,31.48671
331.43536,31.30838
332.01799,29.22790
330.34292,27.50407
333.76589,27.56351
334.93116,28.63348
336.82472,28.69292
337.69867,28.03905
337.98999,26.37467
337.40736,25.89913
335.51379,25.95857
334.05721,27.38519
330.56141,27.32574
330.63424,26.67188
329.25048,25.24526
333.18326,25.24526
336.97038,22.21371
337.40736,21.02486
338.86394,21.41123
342.35974,21.08430
343.96199,18.88494
342.06843,17.22055
337.40736,17.51776
338.28131,15.79394
337.69867,13.41624
339.59223,13.71346
341.92277,12.88126
341.77711,10.86022
343.96199,10.97911
345.70989,10.68190
346.72950,9.84971
345.27291,8.30420
343.67067,8.00699
342.06843,8.06644
340.46618,8.95807
340.46618,9.84971
337.69867,10.08747
337.11604,9.19584
335.51379,8.83919
334.78550,7.29369
336.24209,6.63982
335.65945,5.92651
339.44657,5.74819
339.88355,5.45097
340.75750,6.10484
341.92277,6.99647
343.37935,6.99647
343.96199,7.73950
345.27291,7.88811
346.00121,7.59090
347.74911,7.59090
351.97320,6.99647
353.86676,6.69926
357.94520,6.69926
357.94520,7.47201
359.83876,8.24476
1.00910,10.20636
1.08193,11.21688
1.00910,13.59457
2.68417,13.65401
4.14075,12.76238
3.99509,11.63297
5.30602,10.38469
9.38446,12.82182
11.27802,11.27632
14.04553,11.09799
14.19119,12.10851
15.50211,12.28684
14.48251,14.01067
13.60855,20.07378
14.62816,20.84653
13.60855,25.00749
15.79343,26.25578
18.85226,26.61244
20.74582,25.12638
22.20240,24.82917
23.07636,25.24526
22.05675,26.31523
23.65899,27.32574
27.88309,27.26630
31.67021,27.68240
32.68982,27.50407
33.92791,26.37467
31.23323,8.24476
35.02035,8.18532
36.11279,7.59090
35.89430,5.92651
44.77947,5.54014
46.23605,4.85655
45.94474,3.42994
45.94474,-3.28705
44.92513,-3.88147
40.99235,-4.00035
40.70103,-8.75574
39.53576,-9.94458
35.89430,-9.94458
35.45733,-10.18235
30.21362,-10.18235
28.75704,-8.93407
28.75704,-5.30808
29.19401,-3.94091
1.00910,-3.91119
359.40179,-3.94091
317.01517,-3.94091
316.28688,-3.22760
315.99556,2.24109
317.45214,3.37049
315.99556,4.73767
315.63141,8.77974
316.50536,9.46333
321.38492,10.62246
328.23087,11.81130
327.50258,15.37784
326.26448,21.08430
325.02638,24.62112
324.73507,25.60192
]


[Planck_MaskInt_UT78_256,%,
